1.000000000000000000e+00
3.928086429715623940e+00
3.134443963345863171e+00
0.000000000000000000e+00
0.000000000000000000e+00
9.903282813033680299e-01
7.313379069052468040e-01
0.000000000000000000e+00
9.992785039072531461e-01
0.000000000000000000e+00
0.000000000000000000e+00
1.000000000000000000e+00
1.648850817364272636e+00
4.370299009063334239e-01
0.000000000000000000e+00
0.000000000000000000e+00
3.706140128143762258e+00
3.837133832292421776e+00
0.000000000000000000e+00
2.706079677114514581e-02
3.351606446959614072e+00
1.000000000000000000e+00
7.243729196488857269e-04
