5.500000000000000444e-01 8.199999999999999512e-01 3.400000000000000244e-01 2.800000000000000266e-01 8.000000000000000444e-01 3.699999999999999956e-01 8.000000000000000167e-02 5.000000000000000278e-02 5.000000000000000278e-02
5.500000000000000444e-01 8.199999999999999512e-01 1.000000000000000000e+00 2.800000000000000266e-01 8.000000000000000444e-01 0.000000000000000000e+00 8.000000000000000167e-02 5.000000000000000278e-02 5.000000000000000278e-02
3.954990215645361129e+00 1.815469791703743674e+00 1.455593086305221107e+00 3.381977817494704830e+00 1.699781143566974073e+00 0.000000000000000000e+00 8.000000000000000167e-02 5.000000000000000278e-02 5.000000000000000278e-02
3.954990215645361129e+00 1.815469791703743674e+00 1.455593086305221107e+00 3.381977817494704830e+00 1.699781143566974073e+00 0.000000000000000000e+00 8.000000000000000167e-02 5.000000000000000278e-02 5.000000000000000278e-02
5.500000000000000444e-01 8.199999999999999512e-01 9.364485058364988568e-01 3.507818196159329105e+00 8.000000000000000444e-01 3.699999999999999956e-01 8.000000000000000167e-02 5.000000000000000278e-02 5.000000000000000278e-02
5.500000000000000444e-01 8.199999999999999512e-01 9.364485058364988568e-01 3.507818196159329105e+00 8.000000000000000444e-01 3.699999999999999956e-01 8.000000000000000167e-02 5.000000000000000278e-02 5.000000000000000278e-02
5.500000000000000444e-01 8.199999999999999512e-01 9.364485058364988568e-01 3.507818196159329105e+00 8.000000000000000444e-01 3.699999999999999956e-01 8.000000000000000167e-02 5.000000000000000278e-02 5.000000000000000278e-02
5.500000000000000444e-01 8.199999999999999512e-01 1.455593086305221107e+00 3.381977817494704830e+00 8.000000000000000444e-01 3.699999999999999956e-01 8.000000000000000167e-02 5.000000000000000278e-02 5.000000000000000278e-02
5.500000000000000444e-01 8.199999999999999512e-01 9.364485058364988568e-01 3.507818196159329105e+00 8.000000000000000444e-01 0.000000000000000000e+00 8.000000000000000167e-02 5.000000000000000278e-02 5.000000000000000278e-02
5.500000000000000444e-01 8.199999999999999512e-01 9.364485058364988568e-01 3.507818196159329105e+00 8.000000000000000444e-01 0.000000000000000000e+00 8.000000000000000167e-02 5.000000000000000278e-02 5.000000000000000278e-02
5.500000000000000444e-01 8.199999999999999512e-01 1.455593086305221107e+00 3.381977817494704830e+00 8.000000000000000444e-01 0.000000000000000000e+00 8.000000000000000167e-02 5.000000000000000278e-02 5.000000000000000278e-02
5.500000000000000444e-01 8.199999999999999512e-01 1.455593086305221107e+00 3.381977817494704830e+00 8.000000000000000444e-01 0.000000000000000000e+00 8.000000000000000167e-02 5.000000000000000278e-02 5.000000000000000278e-02
5.500000000000000444e-01 8.199999999999999512e-01 1.455593086305221107e+00 3.381977817494704830e+00 8.000000000000000444e-01 0.000000000000000000e+00 8.000000000000000167e-02 5.000000000000000278e-02 5.000000000000000278e-02
5.500000000000000444e-01 8.199999999999999512e-01 1.455593086305221107e+00 3.381977817494704830e+00 8.000000000000000444e-01 0.000000000000000000e+00 8.000000000000000167e-02 5.000000000000000278e-02 5.000000000000000278e-02
5.500000000000000444e-01 8.199999999999999512e-01 1.455593086305221107e+00 3.381977817494704830e+00 8.000000000000000444e-01 0.000000000000000000e+00 8.000000000000000167e-02 5.000000000000000278e-02 5.000000000000000278e-02
5.500000000000000444e-01 8.199999999999999512e-01 1.455593086305221107e+00 3.381977817494704830e+00 8.000000000000000444e-01 0.000000000000000000e+00 8.000000000000000167e-02 5.000000000000000278e-02 5.000000000000000278e-02
5.500000000000000444e-01 8.199999999999999512e-01 1.455593086305221107e+00 3.381977817494704830e+00 8.000000000000000444e-01 0.000000000000000000e+00 8.000000000000000167e-02 5.000000000000000278e-02 5.000000000000000278e-02
5.500000000000000444e-01 8.199999999999999512e-01 1.455593086305221107e+00 3.381977817494704830e+00 8.000000000000000444e-01 0.000000000000000000e+00 8.000000000000000167e-02 5.000000000000000278e-02 5.000000000000000278e-02
5.500000000000000444e-01 8.199999999999999512e-01 1.455593086305221107e+00 3.381977817494704830e+00 8.000000000000000444e-01 0.000000000000000000e+00 8.000000000000000167e-02 5.000000000000000278e-02 5.000000000000000278e-02
5.500000000000000444e-01 8.199999999999999512e-01 1.455593086305221107e+00 3.381977817494704830e+00 8.000000000000000444e-01 0.000000000000000000e+00 8.000000000000000167e-02 5.000000000000000278e-02 5.000000000000000278e-02
5.500000000000000444e-01 8.199999999999999512e-01 1.455593086305221107e+00 3.381977817494704830e+00 8.000000000000000444e-01 0.000000000000000000e+00 8.000000000000000167e-02 5.000000000000000278e-02 5.000000000000000278e-02
5.500000000000000444e-01 0.000000000000000000e+00 1.455593086305221107e+00 3.381977817494704830e+00 8.000000000000000444e-01 0.000000000000000000e+00 8.000000000000000167e-02 5.000000000000000278e-02 5.000000000000000278e-02
5.500000000000000444e-01 0.000000000000000000e+00 1.455593086305221107e+00 3.381977817494704830e+00 8.000000000000000444e-01 0.000000000000000000e+00 8.000000000000000167e-02 5.000000000000000278e-02 5.000000000000000278e-02
5.500000000000000444e-01 0.000000000000000000e+00 1.455593086305221107e+00 3.381977817494704830e+00 8.000000000000000444e-01 0.000000000000000000e+00 8.000000000000000167e-02 5.000000000000000278e-02 5.000000000000000278e-02
5.500000000000000444e-01 0.000000000000000000e+00 1.455593086305221107e+00 3.381977817494704830e+00 8.000000000000000444e-01 0.000000000000000000e+00 8.000000000000000167e-02 5.000000000000000278e-02 5.000000000000000278e-02
0.000000000000000000e+00 0.000000000000000000e+00 1.455593086305221107e+00 3.381977817494704830e+00 8.000000000000000444e-01 0.000000000000000000e+00 8.000000000000000167e-02 5.000000000000000278e-02 5.000000000000000278e-02
5.500000000000000444e-01 0.000000000000000000e+00 1.455593086305221107e+00 3.381977817494704830e+00 8.000000000000000444e-01 0.000000000000000000e+00 8.000000000000000167e-02 5.000000000000000278e-02 5.000000000000000278e-02
5.500000000000000444e-01 0.000000000000000000e+00 1.455593086305221107e+00 3.381977817494704830e+00 8.000000000000000444e-01 0.000000000000000000e+00 8.000000000000000167e-02 5.000000000000000278e-02 5.000000000000000278e-02
5.500000000000000444e-01 0.000000000000000000e+00 1.455593086305221107e+00 3.381977817494704830e+00 8.000000000000000444e-01 0.000000000000000000e+00 8.000000000000000167e-02 5.000000000000000278e-02 5.000000000000000278e-02
5.500000000000000444e-01 0.000000000000000000e+00 1.455593086305221107e+00 3.381977817494704830e+00 8.000000000000000444e-01 0.000000000000000000e+00 8.000000000000000167e-02 5.000000000000000278e-02 5.000000000000000278e-02
5.500000000000000444e-01 0.000000000000000000e+00 1.455593086305221107e+00 3.381977817494704830e+00 8.000000000000000444e-01 0.000000000000000000e+00 8.000000000000000167e-02 5.000000000000000278e-02 5.000000000000000278e-02
5.500000000000000444e-01 0.000000000000000000e+00 1.455593086305221107e+00 3.381977817494704830e+00 8.000000000000000444e-01 0.000000000000000000e+00 8.000000000000000167e-02 5.000000000000000278e-02 5.000000000000000278e-02
5.500000000000000444e-01 0.000000000000000000e+00 1.455593086305221107e+00 3.381977817494704830e+00 8.000000000000000444e-01 0.000000000000000000e+00 8.000000000000000167e-02 5.000000000000000278e-02 5.000000000000000278e-02
5.500000000000000444e-01 0.000000000000000000e+00 1.455593086305221107e+00 3.381977817494704830e+00 8.000000000000000444e-01 0.000000000000000000e+00 8.000000000000000167e-02 5.000000000000000278e-02 5.000000000000000278e-02
5.500000000000000444e-01 0.000000000000000000e+00 1.455593086305221107e+00 3.381977817494704830e+00 8.000000000000000444e-01 0.000000000000000000e+00 8.000000000000000167e-02 5.000000000000000278e-02 5.000000000000000278e-02
5.500000000000000444e-01 0.000000000000000000e+00 1.455593086305221107e+00 3.381977817494704830e+00 8.000000000000000444e-01 0.000000000000000000e+00 8.000000000000000167e-02 5.000000000000000278e-02 5.000000000000000278e-02
5.500000000000000444e-01 0.000000000000000000e+00 1.455593086305221107e+00 3.381977817494704830e+00 8.000000000000000444e-01 0.000000000000000000e+00 8.000000000000000167e-02 5.000000000000000278e-02 5.000000000000000278e-02
0.000000000000000000e+00 0.000000000000000000e+00 1.455593086305221107e+00 3.381977817494704830e+00 8.000000000000000444e-01 0.000000000000000000e+00 8.000000000000000167e-02 5.000000000000000278e-02 5.000000000000000278e-02
0.000000000000000000e+00 0.000000000000000000e+00 1.455593086305221107e+00 3.381977817494704830e+00 8.000000000000000444e-01 0.000000000000000000e+00 8.000000000000000167e-02 5.000000000000000278e-02 5.000000000000000278e-02
0.000000000000000000e+00 0.000000000000000000e+00 1.455593086305221107e+00 3.381977817494704830e+00 8.000000000000000444e-01 0.000000000000000000e+00 8.000000000000000167e-02 5.000000000000000278e-02 5.000000000000000278e-02
0.000000000000000000e+00 0.000000000000000000e+00 1.455593086305221107e+00 3.381977817494704830e+00 8.000000000000000444e-01 0.000000000000000000e+00 8.000000000000000167e-02 5.000000000000000278e-02 5.000000000000000278e-02
0.000000000000000000e+00 0.000000000000000000e+00 1.455593086305221107e+00 3.381977817494704830e+00 8.000000000000000444e-01 0.000000000000000000e+00 8.000000000000000167e-02 5.000000000000000278e-02 5.000000000000000278e-02
0.000000000000000000e+00 0.000000000000000000e+00 1.455593086305221107e+00 3.381977817494704830e+00 8.000000000000000444e-01 0.000000000000000000e+00 8.000000000000000167e-02 5.000000000000000278e-02 5.000000000000000278e-02
0.000000000000000000e+00 0.000000000000000000e+00 1.455593086305221107e+00 3.381977817494704830e+00 8.000000000000000444e-01 0.000000000000000000e+00 8.000000000000000167e-02 5.000000000000000278e-02 5.000000000000000278e-02
0.000000000000000000e+00 1.000000000000000000e+00 1.455593086305221107e+00 3.381977817494704830e+00 8.000000000000000444e-01 0.000000000000000000e+00 8.000000000000000167e-02 5.000000000000000278e-02 5.000000000000000278e-02
0.000000000000000000e+00 0.000000000000000000e+00 1.455593086305221107e+00 3.381977817494704830e+00 8.000000000000000444e-01 0.000000000000000000e+00 8.000000000000000167e-02 5.000000000000000278e-02 5.000000000000000278e-02
0.000000000000000000e+00 0.000000000000000000e+00 1.455593086305221107e+00 3.381977817494704830e+00 8.000000000000000444e-01 0.000000000000000000e+00 8.000000000000000167e-02 5.000000000000000278e-02 5.000000000000000278e-02
0.000000000000000000e+00 1.000000000000000000e+00 1.455593086305221107e+00 3.381977817494704830e+00 8.000000000000000444e-01 0.000000000000000000e+00 8.000000000000000167e-02 5.000000000000000278e-02 5.000000000000000278e-02
0.000000000000000000e+00 1.000000000000000000e+00 1.455593086305221107e+00 3.381977817494704830e+00 8.000000000000000444e-01 0.000000000000000000e+00 8.000000000000000167e-02 5.000000000000000278e-02 5.000000000000000278e-02
0.000000000000000000e+00 1.000000000000000000e+00 1.455593086305221107e+00 3.381977817494704830e+00 8.000000000000000444e-01 0.000000000000000000e+00 8.000000000000000167e-02 5.000000000000000278e-02 5.000000000000000278e-02
0.000000000000000000e+00 1.000000000000000000e+00 1.455593086305221107e+00 3.381977817494704830e+00 8.000000000000000444e-01 0.000000000000000000e+00 8.000000000000000167e-02 5.000000000000000278e-02 5.000000000000000278e-02
