5.269849000562270014e-01 3.413364174490489233e+00 1.768123872927156892e+00 5.366294814444110273e-01 3.257895390549005121e+00 3.330484348861944000e-01 1.491962943400185093e+00 1.082710386277103698e+00 5.865996920384302094e-01 1.761863575077522448e+00 2.429774685211191887e+00 3.090699147245831391e+00 1.648850817364272636e+00 4.370299009063334239e-01 1.137322193737452025e+00 3.532794574486693318e+00 3.706140128143762258e+00 3.837133832292421776e+00 1.583031617639991673e-01 9.491705302696464841e-01 1.709586856121124043e+00 1.378458340168352336e+00
5.269849000562270014e-01 3.413364174490489233e+00 1.768123872927156892e+00 5.366294814444110273e-01 3.257895390549005121e+00 0.000000000000000000e+00 1.491962943400185093e+00 1.082710386277103698e+00 5.865996920384302094e-01 1.761863575077522448e+00 0.000000000000000000e+00 3.090699147245831391e+00 1.648850817364272636e+00 4.370299009063334239e-01 1.137322193737452025e+00 3.532794574486693318e+00 3.706140128143762258e+00 3.837133832292421776e+00 1.583031617639991673e-01 9.491705302696464841e-01 1.709586856121124043e+00 0.000000000000000000e+00
5.269849000562270014e-01 3.413364174490489233e+00 0.000000000000000000e+00 5.366294814444110273e-01 3.257895390549005121e+00 1.000000000000000000e+00 1.491962943400185093e+00 1.082710386277103698e+00 5.865996920384302094e-01 1.761863575077522448e+00 0.000000000000000000e+00 3.090699147245831391e+00 1.648850817364272636e+00 4.370299009063334239e-01 1.137322193737452025e+00 3.532794574486693318e+00 3.706140128143762258e+00 3.837133832292421776e+00 1.583031617639991673e-01 0.000000000000000000e+00 1.709586856121124043e+00 0.000000000000000000e+00
5.269849000562270014e-01 3.413364174490489233e+00 1.768123872927156892e+00 5.366294814444110273e-01 3.257895390549005121e+00 3.330484348861944000e-01 1.491962943400185093e+00 1.082710386277103698e+00 5.865996920384302094e-01 1.761863575077522448e+00 3.989852425070172792e-01 3.090699147245831391e+00 1.648850817364272636e+00 4.370299009063334239e-01 1.137322193737452025e+00 3.532794574486693318e+00 3.706140128143762258e+00 3.837133832292421776e+00 1.583031617639991673e-01 9.491705302696464841e-01 1.709586856121124043e+00 1.378458340168352336e+00
1.833817428726521204e+00 3.928086429715623940e+00 3.134443963345863171e+00 1.674011647235463585e+00 2.173647285850784705e+00 9.903282813033680299e-01 7.313379069052468040e-01 1.200581870323952582e+00 9.992785039072531461e-01 3.867168999757900405e+00 1.084982506609268871e+00 2.203447316564375758e+00 1.648850817364272636e+00 4.370299009063334239e-01 1.137322193737452025e+00 3.532794574486693318e+00 3.706140128143762258e+00 3.837133832292421776e+00 1.516538927215524524e+00 2.706079677114514581e-02 3.351606446959614072e+00 2.238897187995773752e+00
1.833817428726521204e+00 3.928086429715623940e+00 3.134443963345863171e+00 1.674011647235463585e+00 2.173647285850784705e+00 9.903282813033680299e-01 7.313379069052468040e-01 1.200581870323952582e+00 9.992785039072531461e-01 3.867168999757900405e+00 1.084982506609268871e+00 2.203447316564375758e+00 1.648850817364272636e+00 4.370299009063334239e-01 1.137322193737452025e+00 3.532794574486693318e+00 3.706140128143762258e+00 3.837133832292421776e+00 1.516538927215524524e+00 2.706079677114514581e-02 3.351606446959614072e+00 2.238897187995773752e+00
1.833817428726521204e+00 3.928086429715623940e+00 3.134443963345863171e+00 1.674011647235463585e+00 2.173647285850784705e+00 9.903282813033680299e-01 7.313379069052468040e-01 1.200581870323952582e+00 9.992785039072531461e-01 3.867168999757900405e+00 1.084982506609268871e+00 2.203447316564375758e+00 1.648850817364272636e+00 4.370299009063334239e-01 1.137322193737452025e+00 3.532794574486693318e+00 3.706140128143762258e+00 3.837133832292421776e+00 1.516538927215524524e+00 2.706079677114514581e-02 3.351606446959614072e+00 2.238897187995773752e+00
1.833817428726521204e+00 3.928086429715623940e+00 3.134443963345863171e+00 1.674011647235463585e+00 2.173647285850784705e+00 3.330484348861944000e-01 0.000000000000000000e+00 1.082710386277103698e+00 5.865996920384302094e-01 3.898267088598002861e+00 4.086461248246999745e-01 3.090699147245831391e+00 1.648850817364272636e+00 4.370299009063334239e-01 1.137322193737452025e+00 3.532794574486693318e+00 3.706140128143762258e+00 3.837133832292421776e+00 1.516538927215524524e+00 2.706079677114514581e-02 3.351606446959614072e+00 2.238897187995773752e+00
0.000000000000000000e+00 3.928086429715623940e+00 0.000000000000000000e+00 1.674011647235463585e+00 2.173647285850784705e+00 9.903282813033680299e-01 7.313379069052468040e-01 1.200581870323952582e+00 9.992785039072531461e-01 3.867168999757900405e+00 1.084982506609268871e+00 2.203447316564375758e+00 1.648850817364272636e+00 4.370299009063334239e-01 1.137322193737452025e+00 3.532794574486693318e+00 3.706140128143762258e+00 3.837133832292421776e+00 1.516538927215524524e+00 2.706079677114514581e-02 3.351606446959614072e+00 0.000000000000000000e+00
0.000000000000000000e+00 3.928086429715623940e+00 0.000000000000000000e+00 1.674011647235463585e+00 2.173647285850784705e+00 9.903282813033680299e-01 7.313379069052468040e-01 1.200581870323952582e+00 9.992785039072531461e-01 0.000000000000000000e+00 1.084982506609268871e+00 2.203447316564375758e+00 1.648850817364272636e+00 4.370299009063334239e-01 1.137322193737452025e+00 3.532794574486693318e+00 3.706140128143762258e+00 3.837133832292421776e+00 1.516538927215524524e+00 2.706079677114514581e-02 3.351606446959614072e+00 0.000000000000000000e+00
0.000000000000000000e+00 3.928086429715623940e+00 3.134443963345863171e+00 1.674011647235463585e+00 2.173647285850784705e+00 9.903282813033680299e-01 7.313379069052468040e-01 1.200581870323952582e+00 9.992785039072531461e-01 3.867168999757900405e+00 1.084982506609268871e+00 2.203447316564375758e+00 1.648850817364272636e+00 4.370299009063334239e-01 1.137322193737452025e+00 3.532794574486693318e+00 3.706140128143762258e+00 3.837133832292421776e+00 0.000000000000000000e+00 2.706079677114514581e-02 3.351606446959614072e+00 2.238897187995773752e+00
0.000000000000000000e+00 3.928086429715623940e+00 3.134443963345863171e+00 1.674011647235463585e+00 2.173647285850784705e+00 9.903282813033680299e-01 7.313379069052468040e-01 1.200581870323952582e+00 9.992785039072531461e-01 3.867168999757900405e+00 0.000000000000000000e+00 0.000000000000000000e+00 1.648850817364272636e+00 4.370299009063334239e-01 1.137322193737452025e+00 3.532794574486693318e+00 3.706140128143762258e+00 3.837133832292421776e+00 0.000000000000000000e+00 2.706079677114514581e-02 3.351606446959614072e+00 0.000000000000000000e+00
0.000000000000000000e+00 3.928086429715623940e+00 3.134443963345863171e+00 1.674011647235463585e+00 2.173647285850784705e+00 9.903282813033680299e-01 7.313379069052468040e-01 1.200581870323952582e+00 9.992785039072531461e-01 3.867168999757900405e+00 0.000000000000000000e+00 0.000000000000000000e+00 1.648850817364272636e+00 4.370299009063334239e-01 1.137322193737452025e+00 3.532794574486693318e+00 3.706140128143762258e+00 3.837133832292421776e+00 0.000000000000000000e+00 2.706079677114514581e-02 3.351606446959614072e+00 0.000000000000000000e+00
1.000000000000000000e+00 3.928086429715623940e+00 3.134443963345863171e+00 1.674011647235463585e+00 2.173647285850784705e+00 9.903282813033680299e-01 7.313379069052468040e-01 1.200581870323952582e+00 9.992785039072531461e-01 3.867168999757900405e+00 0.000000000000000000e+00 0.000000000000000000e+00 1.648850817364272636e+00 4.370299009063334239e-01 0.000000000000000000e+00 3.532794574486693318e+00 3.706140128143762258e+00 3.837133832292421776e+00 0.000000000000000000e+00 2.706079677114514581e-02 3.351606446959614072e+00 0.000000000000000000e+00
1.000000000000000000e+00 3.928086429715623940e+00 3.134443963345863171e+00 1.674011647235463585e+00 2.173647285850784705e+00 9.903282813033680299e-01 7.313379069052468040e-01 1.200581870323952582e+00 9.992785039072531461e-01 3.867168999757900405e+00 0.000000000000000000e+00 0.000000000000000000e+00 1.648850817364272636e+00 4.370299009063334239e-01 0.000000000000000000e+00 3.532794574486693318e+00 3.706140128143762258e+00 3.837133832292421776e+00 0.000000000000000000e+00 2.706079677114514581e-02 3.351606446959614072e+00 0.000000000000000000e+00
0.000000000000000000e+00 3.928086429715623940e+00 3.134443963345863171e+00 1.674011647235463585e+00 2.173647285850784705e+00 9.903282813033680299e-01 7.313379069052468040e-01 1.200581870323952582e+00 9.992785039072531461e-01 3.867168999757900405e+00 0.000000000000000000e+00 0.000000000000000000e+00 1.648850817364272636e+00 4.370299009063334239e-01 0.000000000000000000e+00 3.532794574486693318e+00 3.706140128143762258e+00 3.837133832292421776e+00 0.000000000000000000e+00 2.706079677114514581e-02 3.351606446959614072e+00 0.000000000000000000e+00
0.000000000000000000e+00 3.928086429715623940e+00 3.134443963345863171e+00 0.000000000000000000e+00 2.173647285850784705e+00 9.903282813033680299e-01 7.313379069052468040e-01 0.000000000000000000e+00 9.992785039072531461e-01 3.867168999757900405e+00 0.000000000000000000e+00 1.000000000000000000e+00 1.648850817364272636e+00 4.370299009063334239e-01 0.000000000000000000e+00 3.532794574486693318e+00 3.706140128143762258e+00 3.837133832292421776e+00 0.000000000000000000e+00 2.706079677114514581e-02 3.351606446959614072e+00 0.000000000000000000e+00
0.000000000000000000e+00 3.928086429715623940e+00 3.134443963345863171e+00 0.000000000000000000e+00 2.173647285850784705e+00 9.903282813033680299e-01 7.313379069052468040e-01 0.000000000000000000e+00 9.992785039072531461e-01 3.867168999757900405e+00 0.000000000000000000e+00 0.000000000000000000e+00 1.648850817364272636e+00 4.370299009063334239e-01 0.000000000000000000e+00 3.532794574486693318e+00 3.706140128143762258e+00 3.837133832292421776e+00 0.000000000000000000e+00 2.706079677114514581e-02 3.351606446959614072e+00 0.000000000000000000e+00
0.000000000000000000e+00 3.928086429715623940e+00 3.134443963345863171e+00 0.000000000000000000e+00 2.173647285850784705e+00 9.903282813033680299e-01 7.313379069052468040e-01 0.000000000000000000e+00 9.992785039072531461e-01 3.867168999757900405e+00 0.000000000000000000e+00 0.000000000000000000e+00 1.648850817364272636e+00 4.370299009063334239e-01 0.000000000000000000e+00 3.532794574486693318e+00 3.706140128143762258e+00 3.837133832292421776e+00 0.000000000000000000e+00 2.706079677114514581e-02 3.351606446959614072e+00 0.000000000000000000e+00
0.000000000000000000e+00 3.928086429715623940e+00 3.134443963345863171e+00 1.000000000000000000e+00 2.173647285850784705e+00 9.903282813033680299e-01 7.313379069052468040e-01 1.000000000000000000e+00 9.992785039072531461e-01 3.867168999757900405e+00 0.000000000000000000e+00 1.000000000000000000e+00 1.648850817364272636e+00 4.370299009063334239e-01 0.000000000000000000e+00 0.000000000000000000e+00 3.706140128143762258e+00 3.837133832292421776e+00 0.000000000000000000e+00 2.706079677114514581e-02 3.351606446959614072e+00 0.000000000000000000e+00
0.000000000000000000e+00 3.928086429715623940e+00 3.134443963345863171e+00 0.000000000000000000e+00 2.173647285850784705e+00 9.903282813033680299e-01 7.313379069052468040e-01 1.000000000000000000e+00 9.992785039072531461e-01 3.867168999757900405e+00 0.000000000000000000e+00 1.000000000000000000e+00 1.648850817364272636e+00 4.370299009063334239e-01 0.000000000000000000e+00 0.000000000000000000e+00 3.706140128143762258e+00 3.837133832292421776e+00 0.000000000000000000e+00 2.706079677114514581e-02 3.351606446959614072e+00 0.000000000000000000e+00
0.000000000000000000e+00 3.928086429715623940e+00 3.134443963345863171e+00 1.000000000000000000e+00 2.173647285850784705e+00 0.000000000000000000e+00 7.313379069052468040e-01 1.000000000000000000e+00 0.000000000000000000e+00 3.867168999757900405e+00 0.000000000000000000e+00 1.000000000000000000e+00 0.000000000000000000e+00 4.370299009063334239e-01 0.000000000000000000e+00 0.000000000000000000e+00 3.706140128143762258e+00 3.837133832292421776e+00 0.000000000000000000e+00 2.706079677114514581e-02 3.351606446959614072e+00 1.000000000000000000e+00
1.000000000000000000e+00 3.928086429715623940e+00 3.134443963345863171e+00 0.000000000000000000e+00 0.000000000000000000e+00 9.903282813033680299e-01 7.313379069052468040e-01 0.000000000000000000e+00 9.992785039072531461e-01 0.000000000000000000e+00 0.000000000000000000e+00 1.000000000000000000e+00 1.648850817364272636e+00 4.370299009063334239e-01 0.000000000000000000e+00 0.000000000000000000e+00 3.706140128143762258e+00 3.837133832292421776e+00 0.000000000000000000e+00 2.706079677114514581e-02 3.351606446959614072e+00 1.000000000000000000e+00
1.000000000000000000e+00 3.928086429715623940e+00 3.134443963345863171e+00 0.000000000000000000e+00 0.000000000000000000e+00 9.903282813033680299e-01 7.313379069052468040e-01 0.000000000000000000e+00 9.992785039072531461e-01 0.000000000000000000e+00 0.000000000000000000e+00 1.000000000000000000e+00 1.648850817364272636e+00 4.370299009063334239e-01 0.000000000000000000e+00 0.000000000000000000e+00 3.706140128143762258e+00 3.837133832292421776e+00 0.000000000000000000e+00 2.706079677114514581e-02 3.351606446959614072e+00 1.000000000000000000e+00
0.000000000000000000e+00 3.928086429715623940e+00 3.134443963345863171e+00 0.000000000000000000e+00 2.173647285850784705e+00 9.903282813033680299e-01 7.313379069052468040e-01 1.000000000000000000e+00 0.000000000000000000e+00 3.867168999757900405e+00 0.000000000000000000e+00 1.000000000000000000e+00 0.000000000000000000e+00 4.370299009063334239e-01 0.000000000000000000e+00 0.000000000000000000e+00 3.706140128143762258e+00 3.837133832292421776e+00 0.000000000000000000e+00 2.706079677114514581e-02 3.351606446959614072e+00 1.000000000000000000e+00
0.000000000000000000e+00 3.928086429715623940e+00 3.134443963345863171e+00 0.000000000000000000e+00 2.173647285850784705e+00 9.903282813033680299e-01 7.313379069052468040e-01 1.000000000000000000e+00 0.000000000000000000e+00 3.867168999757900405e+00 0.000000000000000000e+00 1.000000000000000000e+00 0.000000000000000000e+00 4.370299009063334239e-01 0.000000000000000000e+00 0.000000000000000000e+00 3.706140128143762258e+00 3.837133832292421776e+00 0.000000000000000000e+00 2.706079677114514581e-02 3.351606446959614072e+00 1.000000000000000000e+00
