5.500000000000000444e-01 8.199999999999999512e-01 3.400000000000000244e-01 2.800000000000000266e-01 8.000000000000000444e-01 3.699999999999999956e-01 8.000000000000000167e-02 5.000000000000000278e-02 5.000000000000000278e-02
5.500000000000000444e-01 8.199999999999999512e-01 3.400000000000000244e-01 2.800000000000000266e-01 8.000000000000000444e-01 3.699999999999999956e-01 8.000000000000000167e-02 5.000000000000000278e-02 5.000000000000000278e-02
5.500000000000000444e-01 8.199999999999999512e-01 3.400000000000000244e-01 2.800000000000000266e-01 8.000000000000000444e-01 3.699999999999999956e-01 8.000000000000000167e-02 5.000000000000000278e-02 5.000000000000000278e-02
5.500000000000000444e-01 8.199999999999999512e-01 2.600780448658154054e+00 2.800000000000000266e-01 8.000000000000000444e-01 3.699999999999999956e-01 8.000000000000000167e-02 5.000000000000000278e-02 5.000000000000000278e-02
5.500000000000000444e-01 8.199999999999999512e-01 2.600780448658154054e+00 2.800000000000000266e-01 8.000000000000000444e-01 3.699999999999999956e-01 8.000000000000000167e-02 5.000000000000000278e-02 5.000000000000000278e-02
0.000000000000000000e+00 0.000000000000000000e+00 2.600780448658154054e+00 2.800000000000000266e-01 8.000000000000000444e-01 3.699999999999999956e-01 8.000000000000000167e-02 5.000000000000000278e-02 5.000000000000000278e-02
5.500000000000000444e-01 8.199999999999999512e-01 2.600780448658154054e+00 0.000000000000000000e+00 8.000000000000000444e-01 3.699999999999999956e-01 8.000000000000000167e-02 5.000000000000000278e-02 5.000000000000000278e-02
5.500000000000000444e-01 0.000000000000000000e+00 2.600780448658154054e+00 0.000000000000000000e+00 8.000000000000000444e-01 0.000000000000000000e+00 8.000000000000000167e-02 5.000000000000000278e-02 5.000000000000000278e-02
5.500000000000000444e-01 0.000000000000000000e+00 2.600780448658154054e+00 0.000000000000000000e+00 8.000000000000000444e-01 0.000000000000000000e+00 8.000000000000000167e-02 5.000000000000000278e-02 5.000000000000000278e-02
5.500000000000000444e-01 8.199999999999999512e-01 2.600780448658154054e+00 0.000000000000000000e+00 8.000000000000000444e-01 0.000000000000000000e+00 8.000000000000000167e-02 5.000000000000000278e-02 5.000000000000000278e-02
0.000000000000000000e+00 8.199999999999999512e-01 2.600780448658154054e+00 0.000000000000000000e+00 8.000000000000000444e-01 3.699999999999999956e-01 8.000000000000000167e-02 5.000000000000000278e-02 5.000000000000000278e-02
5.500000000000000444e-01 8.199999999999999512e-01 2.600780448658154054e+00 0.000000000000000000e+00 8.000000000000000444e-01 0.000000000000000000e+00 8.000000000000000167e-02 5.000000000000000278e-02 5.000000000000000278e-02
0.000000000000000000e+00 0.000000000000000000e+00 2.600780448658154054e+00 0.000000000000000000e+00 8.000000000000000444e-01 0.000000000000000000e+00 8.000000000000000167e-02 5.000000000000000278e-02 5.000000000000000278e-02
5.500000000000000444e-01 8.199999999999999512e-01 2.600780448658154054e+00 1.000000000000000000e+00 8.000000000000000444e-01 0.000000000000000000e+00 8.000000000000000167e-02 5.000000000000000278e-02 5.000000000000000278e-02
0.000000000000000000e+00 0.000000000000000000e+00 2.600780448658154054e+00 0.000000000000000000e+00 8.000000000000000444e-01 0.000000000000000000e+00 8.000000000000000167e-02 5.000000000000000278e-02 5.000000000000000278e-02
0.000000000000000000e+00 0.000000000000000000e+00 2.600780448658154054e+00 0.000000000000000000e+00 8.000000000000000444e-01 0.000000000000000000e+00 8.000000000000000167e-02 5.000000000000000278e-02 5.000000000000000278e-02
0.000000000000000000e+00 8.199999999999999512e-01 2.600780448658154054e+00 1.000000000000000000e+00 8.000000000000000444e-01 1.000000000000000000e+00 8.000000000000000167e-02 5.000000000000000278e-02 5.000000000000000278e-02
0.000000000000000000e+00 0.000000000000000000e+00 2.600780448658154054e+00 0.000000000000000000e+00 8.000000000000000444e-01 0.000000000000000000e+00 8.000000000000000167e-02 5.000000000000000278e-02 5.000000000000000278e-02
0.000000000000000000e+00 0.000000000000000000e+00 2.600780448658154054e+00 0.000000000000000000e+00 8.000000000000000444e-01 0.000000000000000000e+00 8.000000000000000167e-02 5.000000000000000278e-02 5.000000000000000278e-02
0.000000000000000000e+00 0.000000000000000000e+00 2.600780448658154054e+00 0.000000000000000000e+00 8.000000000000000444e-01 0.000000000000000000e+00 8.000000000000000167e-02 5.000000000000000278e-02 5.000000000000000278e-02
0.000000000000000000e+00 0.000000000000000000e+00 2.600780448658154054e+00 0.000000000000000000e+00 8.000000000000000444e-01 0.000000000000000000e+00 8.000000000000000167e-02 5.000000000000000278e-02 5.000000000000000278e-02
0.000000000000000000e+00 0.000000000000000000e+00 2.600780448658154054e+00 0.000000000000000000e+00 8.000000000000000444e-01 0.000000000000000000e+00 8.000000000000000167e-02 5.000000000000000278e-02 5.000000000000000278e-02
0.000000000000000000e+00 0.000000000000000000e+00 2.600780448658154054e+00 1.000000000000000000e+00 8.000000000000000444e-01 0.000000000000000000e+00 8.000000000000000167e-02 5.000000000000000278e-02 5.000000000000000278e-02
0.000000000000000000e+00 0.000000000000000000e+00 2.600780448658154054e+00 0.000000000000000000e+00 8.000000000000000444e-01 0.000000000000000000e+00 8.000000000000000167e-02 5.000000000000000278e-02 5.000000000000000278e-02
0.000000000000000000e+00 0.000000000000000000e+00 2.600780448658154054e+00 0.000000000000000000e+00 8.000000000000000444e-01 0.000000000000000000e+00 8.000000000000000167e-02 5.000000000000000278e-02 5.000000000000000278e-02
0.000000000000000000e+00 0.000000000000000000e+00 2.600780448658154054e+00 0.000000000000000000e+00 8.000000000000000444e-01 0.000000000000000000e+00 8.000000000000000167e-02 5.000000000000000278e-02 5.000000000000000278e-02
1.000000000000000000e+00 0.000000000000000000e+00 2.600780448658154054e+00 0.000000000000000000e+00 8.000000000000000444e-01 0.000000000000000000e+00 8.000000000000000167e-02 5.000000000000000278e-02 5.000000000000000278e-02
0.000000000000000000e+00 0.000000000000000000e+00 2.600780448658154054e+00 1.000000000000000000e+00 8.000000000000000444e-01 1.000000000000000000e+00 8.000000000000000167e-02 5.000000000000000278e-02 5.000000000000000278e-02
0.000000000000000000e+00 0.000000000000000000e+00 2.600780448658154054e+00 1.000000000000000000e+00 8.000000000000000444e-01 0.000000000000000000e+00 8.000000000000000167e-02 5.000000000000000278e-02 5.000000000000000278e-02
1.000000000000000000e+00 1.000000000000000000e+00 2.600780448658154054e+00 0.000000000000000000e+00 8.000000000000000444e-01 0.000000000000000000e+00 8.000000000000000167e-02 5.000000000000000278e-02 5.000000000000000278e-02
1.000000000000000000e+00 0.000000000000000000e+00 2.600780448658154054e+00 0.000000000000000000e+00 8.000000000000000444e-01 0.000000000000000000e+00 8.000000000000000167e-02 5.000000000000000278e-02 5.000000000000000278e-02
1.000000000000000000e+00 0.000000000000000000e+00 2.600780448658154054e+00 0.000000000000000000e+00 8.000000000000000444e-01 0.000000000000000000e+00 8.000000000000000167e-02 5.000000000000000278e-02 5.000000000000000278e-02
1.000000000000000000e+00 0.000000000000000000e+00 2.600780448658154054e+00 0.000000000000000000e+00 8.000000000000000444e-01 0.000000000000000000e+00 8.000000000000000167e-02 5.000000000000000278e-02 5.000000000000000278e-02
1.000000000000000000e+00 1.000000000000000000e+00 2.600780448658154054e+00 0.000000000000000000e+00 8.000000000000000444e-01 1.000000000000000000e+00 8.000000000000000167e-02 5.000000000000000278e-02 5.000000000000000278e-02
1.000000000000000000e+00 0.000000000000000000e+00 2.600780448658154054e+00 1.000000000000000000e+00 8.000000000000000444e-01 1.000000000000000000e+00 8.000000000000000167e-02 5.000000000000000278e-02 5.000000000000000278e-02
1.000000000000000000e+00 1.000000000000000000e+00 2.600780448658154054e+00 0.000000000000000000e+00 8.000000000000000444e-01 1.000000000000000000e+00 8.000000000000000167e-02 5.000000000000000278e-02 5.000000000000000278e-02
1.000000000000000000e+00 1.000000000000000000e+00 2.600780448658154054e+00 0.000000000000000000e+00 8.000000000000000444e-01 1.000000000000000000e+00 8.000000000000000167e-02 5.000000000000000278e-02 5.000000000000000278e-02
1.000000000000000000e+00 1.000000000000000000e+00 2.600780448658154054e+00 0.000000000000000000e+00 8.000000000000000444e-01 1.000000000000000000e+00 8.000000000000000167e-02 5.000000000000000278e-02 5.000000000000000278e-02
1.000000000000000000e+00 1.000000000000000000e+00 2.600780448658154054e+00 0.000000000000000000e+00 8.000000000000000444e-01 0.000000000000000000e+00 8.000000000000000167e-02 5.000000000000000278e-02 5.000000000000000278e-02
0.000000000000000000e+00 1.000000000000000000e+00 2.600780448658154054e+00 0.000000000000000000e+00 8.000000000000000444e-01 0.000000000000000000e+00 8.000000000000000167e-02 5.000000000000000278e-02 5.000000000000000278e-02
0.000000000000000000e+00 1.000000000000000000e+00 2.600780448658154054e+00 0.000000000000000000e+00 8.000000000000000444e-01 1.000000000000000000e+00 8.000000000000000167e-02 5.000000000000000278e-02 5.000000000000000278e-02
0.000000000000000000e+00 1.000000000000000000e+00 2.600780448658154054e+00 0.000000000000000000e+00 8.000000000000000444e-01 1.000000000000000000e+00 8.000000000000000167e-02 5.000000000000000278e-02 5.000000000000000278e-02
1.000000000000000000e+00 1.000000000000000000e+00 2.600780448658154054e+00 1.000000000000000000e+00 8.000000000000000444e-01 1.000000000000000000e+00 8.000000000000000167e-02 5.000000000000000278e-02 5.000000000000000278e-02
1.000000000000000000e+00 1.000000000000000000e+00 2.600780448658154054e+00 1.000000000000000000e+00 8.000000000000000444e-01 1.000000000000000000e+00 8.000000000000000167e-02 5.000000000000000278e-02 5.000000000000000278e-02
0.000000000000000000e+00 0.000000000000000000e+00 2.600780448658154054e+00 1.000000000000000000e+00 8.000000000000000444e-01 0.000000000000000000e+00 8.000000000000000167e-02 5.000000000000000278e-02 5.000000000000000278e-02
1.000000000000000000e+00 1.000000000000000000e+00 2.600780448658154054e+00 0.000000000000000000e+00 8.000000000000000444e-01 1.000000000000000000e+00 8.000000000000000167e-02 5.000000000000000278e-02 5.000000000000000278e-02
1.000000000000000000e+00 1.000000000000000000e+00 2.600780448658154054e+00 0.000000000000000000e+00 8.000000000000000444e-01 1.000000000000000000e+00 8.000000000000000167e-02 5.000000000000000278e-02 5.000000000000000278e-02
0.000000000000000000e+00 1.000000000000000000e+00 2.600780448658154054e+00 1.000000000000000000e+00 8.000000000000000444e-01 1.000000000000000000e+00 8.000000000000000167e-02 5.000000000000000278e-02 5.000000000000000278e-02
1.000000000000000000e+00 1.000000000000000000e+00 2.600780448658154054e+00 1.000000000000000000e+00 8.000000000000000444e-01 1.000000000000000000e+00 8.000000000000000167e-02 5.000000000000000278e-02 5.000000000000000278e-02
0.000000000000000000e+00 1.000000000000000000e+00 2.600780448658154054e+00 1.000000000000000000e+00 8.000000000000000444e-01 0.000000000000000000e+00 8.000000000000000167e-02 5.000000000000000278e-02 5.000000000000000278e-02
0.000000000000000000e+00 1.000000000000000000e+00 2.600780448658154054e+00 0.000000000000000000e+00 8.000000000000000444e-01 1.000000000000000000e+00 8.000000000000000167e-02 5.000000000000000278e-02 5.000000000000000278e-02
